 -0.64244893993582375      -0.58088048069477660       0.75253003605167845     
  0.96198644263456634        1.1039104150609833      -0.37215871282461910     
   1.2690064137995170      -0.14743367445618594       0.24298298977675398     
  0.47757881384496759      -0.86991798871717829       0.56800027375613737     
 -0.16927311842348303      -0.40310344374230245      -0.13933441480728637     
 -0.47607538888137868       0.31050554849560519       0.47192866978186815     
  0.54368298075843458       0.15837145524019963      -0.83560531997963072     
   1.1591088612546607       -1.1121139175312529       -1.3915253260795049     
 -0.76379327167096678       -1.2939902305033382       -1.1151353222050688     
 -0.51906632289830934       0.52871113742506193      -0.58524846928864649     
 -0.43537969845895963        1.3067693885715623       0.14905853709607875     
 -0.62636286327317059      -0.39145449416522304       -1.1081833751869181     
  0.30821408346615919       -4.8111355979690677E-002   1.1145351651129449     
  0.77053917096816427      -0.90740244369292300        1.8486400272860311     
 -0.20731719357390732       -1.2287464312353176        1.5886025251149498     
 -0.91290005496787896       -1.5464852142640357       0.83118674055847896     
  -1.0167931780358022       0.61094068456636563        1.3169049788743792     
  0.52023918073567321       0.64092243150362005       0.50440282522378255     
   1.4115646280315188      -0.79354864389265878        1.2191154081331721     
 -0.42844522899986703       -1.4507061112985535       -2.0058644404424231E-002
  -1.1371970037102193      -0.69310194511300893      -0.21138731274096989     
 -0.10156518385250574        1.3761656889520879        1.0552289343522285     
   1.3702796755918287        1.0402568922781366       -1.2230850733960028     
  0.16953143259131911        2.0579210836606583      -0.17353166052909422     
   1.8914839223380651       0.46017232047819767      -0.49264392160510334     
   1.3485143545072042      -0.45118353324465804      -0.74172700281962223     
   1.3939456532059242       -2.5348771633603695       0.73087245833245962     
  0.36981211720107604       -1.0769046830256463      -0.65397865397137134     
  -1.6851945510398523       -1.6696498955087826       -6.8907709300116499E-002
  -2.4339750861356779      -0.85470402822841807      -0.24780533352675171     
  -3.3985157195421465       0.97159803505798914       0.66426057186353249     
  -1.2674248934992300        1.2636684248489614      -0.54079822685707901     
   1.9356809259795531       0.25062148016276081       -1.4372850584361405     
  0.29983811655889397       -1.8988564285174299       -1.2999610319881920     
  -1.6982730462755808       -1.1558711503039609      -0.96154481305630446     
 -0.74101149045134251       0.99539688634831414       -1.4978714678397591     
  0.34591964047692741        1.1348916754307974       -1.1471416751513908     
  0.25846796639285274       0.23508899202529071       -2.8274650011609639     
   1.6970090709769838       -1.1671929638187324       -2.9154929218539278     
  -1.0000408387337578       -1.1784782013619046       -2.2314286480989951     
 -0.98455867167404043       -1.5179711911917155E-002  -1.9424988155745180     
   5.2945811940232755E-002  0.35477617562814495       -1.7802468760831724     
 -0.24358053070791383      -0.29004478561800590        1.8700537287975199     
  0.71458551564924233        1.1337942191481858        1.4038921373569444     
   2.3378326295794003      -0.48299397684866774      -0.36047092412010684     
  0.89217844473739205       -1.7478155699534270        1.1191828479623183     
  -1.9544415623758049       -2.0799989884790149       0.89303404616715631     
  -1.3619731758493265        1.0673191406929718       0.47913588615188379     
   1.1033910285369486      -0.20416911388609593       -1.8257251731692024     
   1.1044579775659000       -1.7799445186780862      -0.68990833788939987     
  -6.9255409387000311E-002  -1.4560171181032473       -2.1609108116854352     
  -1.5490448947026874       0.23952808626007999      -0.17227192284870030     
 -0.55883026988577622        1.6941879898940726      -0.91213837565563261     
  0.20577736145685088      -0.72623951564810241       -1.6880125400446757     
  0.91022519837021942        7.7256192949434976E-002   2.2038250788837650     
   1.1026306976041123      -0.75525313131526284        2.7751389980464722     
  0.11325172630613695      -0.90991006372943539        2.6075804825678244     
  -1.1481718827789578      -0.68787661004958556        1.6230602238245835     
  -1.8379713306986576       0.72638151592903699        1.8101916928388053     
  0.48728486086102291       0.91492279233259255        2.6073419927992960     
   1.8764574447428688      -0.23075539150331070        1.8822823498635175     
  -2.3247861500275205E-003  -2.1978613117012249        1.6601406813531767     
  -2.1522113409711663      -0.22299347761245175        1.7029301009277822     
  -1.8248527247304138       0.90475874602113759        2.8798645774520990     
   1.2821669971788401       0.22573319588222060        1.2535880112999414     
   1.6183685755731982       -1.3031454071209441        2.1735137523845589     
  -1.0997513826089353       -1.7564660029468453        1.8905271129230339     
  -1.7075094937705899       0.16179917881578706       0.83092667532127162     
  -2.8750115830240897E-002  0.67034313550563740        1.8118962870751449     
   1.7780081465398474        1.4493314531197690        1.2626842849856672     
   2.3242126446828668       -1.0811450907348024        2.7788182259168162     
  0.98720553273444256       -2.6270984834012570        1.6795730196661443     
  -1.6997685586548279      -0.89229930673335733       0.74236076725208666     
  -1.4025961664083948        1.5757723178928824        1.3953654471993706     
   2.4222572116741730       0.56558261418620026        1.6033770493629631     
   2.9059808051074367       -1.8068475252529703        1.0718680148590949     
 -0.94133528785225018       -2.2783556507094787        9.5002951151122797E-002
  -2.2536868620122821        1.2790190248453124       0.84546154419951780     
  0.17854048442877357        1.8288365742683672        2.0002561732058379     
  0.80815357113866881        1.6882288229672444       0.53090932927402024     
  0.28328879673329971        2.3302674398274110        1.0671925226878927     
   1.6150461000474308       0.76617264010770714       0.42293335148651806     
   2.1816232694564546       -4.1894123391814364E-002  0.93828325302350213     
   2.2518194679984380       -2.8962540375809183       0.25993259065066765     
  -8.4237681857455823E-002  -2.1180547479172773       0.72623342228623444     
  -2.3685182284548820       -2.6895225609417772       -4.2378733129763632E-003
  -2.6260093984958983       -1.3656640995229958       0.53983388653157327     
  -2.8971865811561504        1.6938944135284082       0.10155782021447411     
  -1.3607431277187267        2.2639309151777347      -0.64499227459352226     
   1.2185485297207275        1.9269675168442737      -0.72122289097142311     
 -0.29245140927321212        2.7019931206825452      -0.75263145311003721     
   2.7593726126681339        1.2803028060530965      -0.37178094712651821     
   1.9674052763663983       -1.2700627897210908      -0.83478699633308451     
   1.4627496691731174       -1.1223785539162694        6.1379109525776646E-002
  -3.2179553626303994E-002  -2.3246445341175770      -0.38259669154949050     
  -1.3505319506862108       -2.2180289087997451      -0.82173831165607791     
  -2.8494926482689769       -1.0712033579578126       -1.1852607630675276     
  -2.4421411207244987       0.10031406037588121      -0.49647897318571310     
 -0.81104890583741485        3.6693956052864252      -0.74877956784885868     
  0.74218052158942416        2.7532932922365467      -0.77440888295522581     
   2.9187964149241985       0.15419790545576451        3.5165812545421463E-002
  0.67603740209417629       -1.7451638469082094       0.13964908660351791     
  -2.3342276449271750       -2.0119577133809559      -0.77954890499843732     
  -1.9047784992449397        1.9538649229527998       0.13449996732937519     
   1.8962708204077543        1.6901333178738505        4.1789463840258334E-002
   1.9611520505119531       -1.6443871958891152        1.1036073626131364     
 -0.72170905769079752       -3.0328213467801315       0.46524093774096098     
  -3.2901581500428385       0.41760687511396188      -0.15275354786674161     
 -0.99106324472440466        2.0291990166182412       0.56479045469912703     
   1.9062800222308718        1.2483928532793898       -2.1661165198968879     
  0.85493582330890217       -2.7355424943329578       -1.0280679590834252     
  -1.6730843897702052       -1.8351781405316197       -1.6540917396631396     
  -1.7068149723662769       0.50583709850031111       -1.1275419374053983     
 -0.31320211133349340        3.0211341361059261       -1.7477378726582566     
   1.9034371830067456      -0.53827778392730186       -2.2327498219684379     
  0.28235910009781851       -2.3987728392770982       -2.1726318624253191     
  -2.2685097922522335       -1.2006425347232765       -2.0872211615230456     
  -1.8980554112720320        1.4906498703693492       -1.5135025651083374     
   1.5404400208128546        2.0044774106198755       -1.5793828520988278     
   1.2424127399047402       0.60769549585609828       -2.4275754712245612     
  0.12446161293933325       -1.4772179368613716       -3.2309497885464769     
 -0.54876934118127985       -2.0540980549779446       -2.9550277223567094     
 -0.29743457628978526      -0.52039274458499096       -2.4850813904648672     
 -0.61203124810784559       0.80647615870990841       -2.5536482774661913     
   2.1455301616496163       0.39936335544738011       -2.7513859996652448     
   2.8114577163539725       -1.5560964444092207       -2.7096656956185292     
  -1.6231709170198430       -1.5152252518330731       -2.9956858517717841     
  -2.1587202336039333      -0.44416163470736753       -1.4118070138306804     
 -0.41648398169114409        1.8025448329924945       -1.9993236882990706     
  0.69321650745490027      -0.72289399220145101       -2.6726181173007348     
  0.90424499837797767       -1.6320456291898864       -2.4173364185499087     
  -1.6819603969926225      -0.37599566056296935       -2.5544169263947882     
  -1.3347424323136572       0.87936634550281056       -3.3203731073329728     
  0.74108263268647934        1.3764081570999109       -2.0029551889801795     
 -0.96145030074123050      -0.88217226885340083        2.5467986201402333     
   1.2907613136002132        1.5984638303402494        2.1412850823492851     
   3.1511945262204284       -2.7648007579866352E-002   1.1190072441089967     
   1.9840050855483962       -2.5333247508909675        1.5072005059150950     
  -1.0496414389309852       -2.5267424547209680        1.3411361615658923     
  -2.9743464343137571       0.84483893612638628        2.5156908613461493     
   2.5809475069071546        1.0031829823052076       -1.4337999624761730     
   1.2792159967976753       -2.2064645115119830       -1.7629122361790051     
 -0.48343678802669754       -2.9948467055972769       -2.4012763947681597     
  -4.0974999114781365      -0.47055540454283784       -1.4522310019834073     
  -1.1334190993375830        2.3002675834901338       -1.6349231771493491     
  -3.0625993480994984E-002 -0.50136412925815033       -3.5957664152886508     
  0.41440320618362453        2.3688410143994933        3.7648413361534185     
  0.88209000182922837      -0.67851297081047701        3.6705200175303951     
 -0.70195747194887947       -1.5665815419784357        3.5029620246840052     
  -1.7322146463655621      -0.52025127891478018        3.0181399512214129     
  -1.1913879529357005        6.6500229236388042E-002   2.2146913259126269     
  0.30327841605638661        2.6941867704402989        2.7018904267509658     
   1.6759898980927854       -4.0041676318635817E-002   2.9677534845079681     
  0.66342175318106689       -2.6203094950750545        3.3900651191362026     
  -1.5617012220730477       -2.3942487225708873        2.9591259662234846     
  -2.6338280418540188       0.67637065501897387        3.4879935524466976     
   1.5311522699486813       0.99201156850189387        3.3644013290237607     
   1.8440380645385621      -0.82335848978799564        3.5679784611856520     
 -0.39758306287385958       -1.6678543955699114        2.5383039908956038     
  -1.8651151463965490       -1.3405944046067575        2.4061429422680432     
  0.59367402774012268        1.3427763108702409        3.7481739793543638     
  0.86881715355161726        1.9399650771657309        2.9655510116214465     
   2.6800691733915456      -0.25760325161481673        2.4519432616169996     
  0.95346011390384344       -3.4258976808655528        2.3098175476082141     
  -2.6540876519070018       -1.8783525200945661        2.7750485218549632     
  -2.6383348784005309        1.6826600356040475        3.1428540378836347     
   1.7480133719336370       0.71905959858349211        2.1724719661234286     
   3.3848784399227272       -1.3699714928631224        2.8131748026500132     
  0.22201687563327732       -2.8172486370882441        2.5106111911073272     
  -2.9260672738708777       -2.6182856305822146        1.7925411844558381     
  -1.0120356010350684        1.3196519782621432        2.2657530643340005     
   2.6352230714975140       0.63923132923714165        2.8387815341468792     
  0.64023767403106069       -1.8354868669556221        2.2721875475399278     
  -2.2544486339989014       -1.4177447332835063        1.4750777103548482     
  -2.3054829538005781       0.19458086291563198        2.6005808137654216     
 -0.13470383590139240        1.4990273885637053        3.0604893396919413     
   2.2389529220228499        2.4152836168655822        1.9609963295533470     
   3.5405662399562567      -0.61254759863592934        2.2531479994038532     
 -0.58921552003033451       -4.4578900305963138        1.6789551059028514     
  -3.6011220192612341       -3.8526779592372318        2.1434083839743825     
  -2.1421458630214447        1.6211746201121833        2.2071428553658059     
   2.2740070818375928        1.4719126600087644        2.2429544194768267     
   3.3409677719381241       -2.6219543710829534        1.7346619546299382     
  -2.0434176694331718       -3.4388883136620034        1.9040909077840606     
  -2.7354083288042457       0.64465366640735700        1.4594708905828435     
 -0.80895638218711330        2.3893283528783171        1.4722671724419463     
   3.3022040393652490        1.4261908622089303        2.4851338346041354     
   2.5040459425128234       -1.7596241681226423        2.0709377526753610     
  -1.8804451085608469       -2.4323840351784973        2.0226357595258797     
  -4.2165454630614256      -0.15936827232887710        3.0663101754849817     
   1.0672126477055865        2.4400444323190884        1.9807260734093919     
   1.3750815586253196        2.4150007363340511        1.0371357938043471     
  0.71090740428352339        3.2481548001659806        1.3201951879196248     
   2.9078945295328018        1.6955834602758177        1.4390088536549113     
   3.8286604271068927      -0.74010838808838042       0.35881478169017483     
   1.7913468926945166       -3.4077679793145461        1.7383920967974797     
  0.95785686252581925       -3.3768241721412808        1.0706294660221241     
  -2.5961164892866821       -3.2801370721873528        1.0808224891606628     
  -2.9463945435960963       -2.2778369476711315       0.75576358822509637     
  -3.1241589725995969        1.5838821713840718        1.4893893489030063     
  -1.6900132089386257        2.8104891763449218       0.61519398192277908     
   2.2542063793050531        3.4054007254678811      -0.28199860422184814     
   4.7565518945974307E-002   3.4972290090119467      -0.19230798261588017     
   3.7589868681657608        1.5323882483612585       0.19616546079973518     
   2.7469295346489511      -0.76355445073187889       -1.2681830278505366     
   2.2304662774568103       -1.8267366451949447       0.12298671048724627     
  0.40571995625461643       -2.9247529351393116       0.36894701390044338     
  -3.0642469249921263       -3.3090408504448225      -0.45213310232336512     
  -3.4025538122004466      -0.71782162494674895       -3.2189916478188640E-002
  -3.3067273556717942        1.9785241734143695      -0.84719554558992149     
  -1.9570732662400785        3.1619298361404677      -0.35409794249425025     
   1.8038124237152875        2.7534438155294469      -0.95879282291955470     
   2.6634779135985691       0.97342938000650625       0.63935052852706653     
   1.3823372475161797       -2.5705643490596124      -0.17688042432161857     
  -3.3227263534966376       -1.9863984926330787      -0.13299774608844750     
  -2.7136792390889655        2.8777621709575212       0.40175115807312206     
   2.3612857591184109        3.5319613674650623       -1.3730849056332959     
  -1.5647729469487386        4.2183387496305871      -0.94038004580162005     
   2.8935877794895153        2.6970972862295368       -1.5911596540102413     
   4.3179843442959713       -2.7274094059047114       -2.0752689580624275     
   3.0057678205508007       -2.8432547651796236       -1.3502831244867268     
 -0.65228968643749119       -2.2077356140153057       -1.6200398202164943     
  -2.4083963805991671       -2.4670234576614356       -1.6716945993657399     
   4.6026767936626500       -1.0611285274421047       -1.0817507078551789     
  -3.1256129030481432        1.2920606174189248E-002  -1.3139890832725518     
  -2.2332237636726289        2.9059174669604526       -1.2784571518202787     
   2.4063598813446188        1.8627078026934387       -1.0689060253867295     
   2.7958054735769475       0.19434035839575703      -0.96730674614559298     
   2.0495621758894438       -2.2769032779392031      -0.87444110148910681     
  -4.0560505028570972       -3.2592935832325125       -2.3796409744994342     
  -2.1648257580124470        1.0358177686235852      -0.27057011166084582     
  0.42867536389378796        3.5809271504275619       -1.1980727530265098     
   2.0593182928600187       -1.5672495909330613       -1.9565696802024886     
 -0.11161292310365964       -3.0427489319525622       -1.4627307075147573     
  -3.7518530972901853       -1.4647217791231164       -1.1512589013398928     
  -2.3712628470307546        1.9272766717098639      -0.75211258605190601     
   3.8983522827015289        2.4302380625869127      -0.42038830441095498     
   2.8893373273790215       -1.8470548009687808       -1.2725898480268814     
  -1.4784461959368729       -3.7430428777392089        9.9001276713201289E-002
  -3.6895412170714028        5.0874226684142210E-002   1.0368753177687000     
 -0.92427576950246970        2.9989729892246424       -1.4418998727869562E-002
   2.9356569889912336        2.1439803094795740      -0.25178734511829404     
   2.5002820180315997      -0.93648275314471430        1.6046155320545274     
 -0.11469220077476393       -3.2545681764145176        1.4381077954109189     
  -2.6480535492139685      -0.17918559687716429       0.43485120802407012     
  -1.6935559983238881        2.4272327147880342        2.1357387057100201     
   2.4112031571677099        2.2583297763257444       0.71174949550288924     
   2.9511921361287712       -2.7178903028790153       0.85667877861845387     
  -2.4277153453856295       -3.8409985320486837       0.25961664867851802     
  -3.0768201204698502        1.0664299916083866      -0.80772027535162383     
 -0.32915771003402383        3.1022819198737657       0.72993071446632274     
   2.9140322673735697        1.1170196504918466       -2.3700497318466125     
   1.1272192088915660       -2.1342331086087132       -3.4335193732342915     
  -1.8615113632632507       -3.4027385991142944       -2.4891239988800273     
  -3.2398884896853737        1.5680823904901109       -3.0578219873290871     
 -0.95742837406235370        2.7235313652486037       -2.5675693501103454     
   3.7143409458825238       0.17128102049647653       -2.3365138481719789     
  0.96374868261289448       -3.1707244905769532       -3.7029566934804943     
  -3.1324841328268018       -1.7796841436707906       -1.9698590904806379     
  -2.7411092012982756        2.1291078887490036       -1.7121475848138412     
  0.41871653461924402        2.2906219330194362       -1.5640893063590560     
   2.2988607034077320       -2.6852106840697698       -1.9098811908985303     
  -1.0262065565494216       -3.6584089731097302       -3.0648325403568064     
  -3.1166743389381213      -0.80779941586264314       -2.0972508553781504     
  -1.8966476435164301        2.4304210704162332       -2.2942721883539767     
   2.6259406475844771        2.0230773634209935       -2.1807907008346308     
   1.1414071379894590       0.77883146679552728        4.5242079515378322     
  0.50130575954614864      -0.49919628689394852       -4.4895112652035705     
 -0.44719239905277708       -1.4916680486383935       -4.2105450137665610     
  -1.6320994718412298      -0.15629679554138284       -3.5602491836936241     
 -0.74455251820419899       0.27442155677138652       -4.0962182600802768     
   1.5780524900039605       0.89436507657019904       -3.8771801600746176     
  0.89338992394239447       -1.0710384267433086       -3.6630114296087735     
  0.37486589071510462       -2.7398480764375095       -3.1047871607138817     
  -2.2919087778292386       0.58201716441223861       -2.9967529055254811     
 -0.85830802342111734        1.3448308315614754       -4.0109047079060201     
   2.7193619739990380        8.6329073994688338E-002  -2.0421123737623437     
  0.31166080598164603       -2.2188549595313862       -3.8812703466734528     
  -1.3106617261250275       -2.0861121780884448       -3.7939240284658404     
  -1.3582382921258040        1.6144112911312003       -2.3252697571928138     
   6.5564781138311490E-002   1.1830865896306553       -3.0657692008407422     
   3.2561671001133834        1.8084498435301881       -3.1284150552903518     
   2.2404481773582070       -1.8815155568505113       -3.4388764420211544     
  -1.3086190196171132       -2.3825662539583168       -2.5118643805777001     
  -2.6634206507043627       -1.7844553071890649E-002  -2.2929894398722452     
  -1.5713284061264985        1.9628857788134424       -3.3036540813273350     
   4.0633329783118635        1.0668378569705936       -2.6781187084582960     
   1.1613560722812935       -2.7821798640359212       -4.5963199117484228     
  -2.3206744087007234       -2.1025230640671864       -2.5667661082548077     
  -2.7643468918271150       0.87486044335143764       -1.6427766317204311     
 -0.63740578222932387        1.8481340860770137       -3.1102805701562235     
   3.1206705488168245      -0.89300154361948125       -2.1512395127066459     
  0.55341367091406668       -3.3971240450374696       -2.2653145520526996     
  -3.2097098558053041       -2.2744224125216794       -2.8899532027488366     
  -1.8357195507601096       0.69094173362793032       -2.2289381608262193     
   1.2140262094576968        1.4341353405219739       -3.0175825173973134     
  -1.0594654840726716      -0.69568585237228997       -4.3060125548809891     
   1.5988952941228665        3.1883752279020019        2.0801921619582169     
   3.2320226312813078       0.51206969297984362        2.0551041307543461     
   1.2524525347798667       -4.3626818697917562        2.0051692662712362     
  -3.4582114636151693       -3.4604941371570952        3.1764673730821529     
  -2.2190954290069405        2.1744813049260734        1.3179899479324957     
   3.2939575383603374        2.7343978232547568       -2.4523940354237985     
   2.6117681928022773       -2.9182932376231139       -3.0590360626911215     
  -1.4238220172318743       -2.9224246323505447       -1.5439094695378959     
  -4.0140407603291761        6.5377463766903149E-003  -2.3662816355441256     
  -2.1984465147306707        3.4369657358340260       -2.8639799868076672     
 -0.47320344391805064      -0.32100136271612917        3.2356260819932143     
 -0.31816756032783927       0.59027960764280307        3.8250669043919934     
   2.3361877125961836      -0.44872421975839533        4.4432853749381298     
  -1.0588859166660982      -0.88261060981488260        3.9854723750075669     
  -1.7628287806950786       -1.5530266936943460        3.4005958526270654     
  -1.6124461198666964        1.9968627933264996E-002   4.6289923131160213     
   2.2268148913407662        2.7573894026613837        3.7960418355642549     
   2.3740509461822032        1.0882378667600239        3.7644587286441866     
   2.4862585760288449       -3.1152771652833859        3.3549445589523068     
  -2.5126676666632104       -1.6773151128658368       -4.6284314772015929     
  -2.6165509918798411       0.62455474230512498        4.5708560655957955     
   1.4540572468575008       0.11589076135621092        3.9037187363628729     
  0.24600402363455204       -1.6395352771342473        3.4767998942216165     
  -1.1221414792892896       -2.5813468000937263        3.8215555851020029     
  -1.2649788824795818       0.29908264516480654        3.6354720834505510     
 -0.41610402603388569        1.8108090830051280        4.4169622170781304     
   1.2725112714234463        2.9538994869764950        4.1139555662856448     
   2.5494434773556129       -1.6781058173886879E-002   3.5108079815048052     
   1.3151437699958484       -2.5724454474114462        2.6068224050832596     
  -2.7889824415825921       -1.4935452230902666        3.7393123549669225     
  -2.0294692044048612        1.2563644706345563        4.0662287183869807     
   1.7890484605389192        1.9464642599830246        2.9079780281864127     
   2.7917212240562179       -1.0244239858195430        3.8005624382161072     
  -1.6602169515999960       -3.3357107587403458        2.8833372259232628     
  -2.1539259959870414      -0.17583137885421021        3.8406505357730878     
  -1.6753090430548760        1.9572910352139696        3.0734664041153339     
   3.3440213612677070       0.43426366983348408        3.7214037069083741     
   1.3665083476011282       -3.3768332393292950        3.2304743325868026     
  -2.2306139744125426       -2.3664616890515426        3.8370624133388622     
  -3.6463322682502848       0.90390475254593705        3.1981068169195637     
 -0.71904965902439244        3.8360302768280881        3.9628983891182639     
   1.1273553474592655        2.8327454316528984        3.1659835127132885     
   4.3393456677100790      -0.30665522547495233        3.6164836139350793     
  0.35686000152288661       -3.5385714003976716        3.2528366620742282     
  -3.2836519618734621       -2.4935033728717744        3.5188284474332927     
  -3.3200414122982171        2.2828764858867836        3.7474570454118825     
   2.8867753506574614        3.4117056914468442        3.7987215590736527     
   3.8765546996016993       -1.3193160723979609        3.8907924528034710     
 -0.50724772497994852       -2.4601643690661690        3.1139313867798015     
  -3.4183468486700055       -2.4535508744059724        2.5218635001548946     
  -2.5708326430698629        3.3231661549485492        3.8417109746300815     
   2.2571468630119744        2.9293315620447968        2.8340386674938705     
   1.1925781950942886       -1.6834105426367370        3.2271313368640797     
 -0.81573561163033570       -2.7584867993111182        2.2586508681158990     
  -3.5136525478305427       0.41280738680758705        4.2651024728107316     
 -0.56520430697981172        2.2839964744410994        2.5958376134000245     
   3.6510552713126336        1.8652430175873262        3.3134137720062373     
   2.4754024795467049       -2.7931016188912268        2.3107053691151389     
  -2.5998806255675180       -3.4188413572324774        3.6350223493584544     
  -4.5280981534280977       0.52537085355246682        3.8078791068099478     
  0.26346083341770893        3.4458576567650971        3.8852278510564795     
   3.2842089069004312        3.1192133515533875        3.0430537022270565     
   3.3945985675714025      -0.42744223406182918        3.2096223515055167     
  0.85928218749416163       -4.4779362663889710        2.8469838560516099     
  -4.1513422088155121       -3.0053622314513291        2.1574683372973364     
  -2.3574599937584653        3.0370369424230113        1.5301962266527671     
   2.1563465215412601        3.1550872290860879        1.2313476713300582     
   3.2171582843368465       -3.2923863081593887        2.5002656578499365     
  -1.0688972548230458       -3.7920501367697828        2.3512046672182043     
  -3.9329674243522774      -0.91332509445719667        2.4704608915456636     
  -2.3304554342310713        2.7712444208380242        2.9448816733407766     
   2.7077139662778613        1.8522262292146234        3.2331887012846998     
   2.7826167161855522       -3.4193003874537129        1.4760712133031961     
  -2.5859386222004339       -2.9534230331835527        2.6078522998508182     
  -2.7584386885862986      -0.80578844367741320        3.0005619492141173     
 -0.22753799942452357        3.5179823173176428        2.2301487032202205     
  -4.6410007737901040        1.9956097246077673        2.7367430710824459     
   2.0170332203945129       -3.7701277889979643        2.7414906814668374     
  -3.6664311591795564       -3.2547440888254524        4.0956193573905617     
  -4.2926503601110149        2.5491393964805766        3.7367971931145223     
  -2.7952966931663471E-002   4.3037956295464559        3.2682787579565096     
   2.1197017904454407        4.2248604202688265        1.4359538455228469     
  0.74055006775024546        3.7384955454775510        2.5825221957026372     
  -4.5897498000626307        1.2582856791398063        1.5797144252892155     
  -3.9389550470380765      -0.99766373479599335        1.5015953667287985     
   2.0084378068794067        4.3370574844706526        2.3968353893326197     
  0.85191785054732228        4.2275535446226176        1.5805361710532342     
  -4.3449018580165637       -3.8640350439146984        1.4046508196033236     
  -3.5734780500268699       -3.1775976043125773        1.2706353254541816     
  -3.9936416287994203        2.3104513161199836        1.9144320320896444     
  -2.9271545358444278        3.6009959059149970       0.97748357544450071     
   3.4080920863704156        3.8681628305521714       0.14275520445736553     
  0.53906853453908088        4.0703041172204477       0.51131704590097038     
   4.6446386237863218        1.0336975971826541       0.69592731403277719     
   4.1872177672246282       -1.5170800853096749      -0.31699256979274215     
   2.4166201521886932       -3.9986386605121003       0.78159811266790702     
  0.50483471625578857       -4.0603274487284482       0.56973645781015836     
  -3.1704311417894528       -4.1435057382920268        1.0371434700474544     
  -4.4812310244560791       -1.4624447026901604       0.72209386704266332     
  -4.0912476734755714        1.7700516388541709       0.82401186052509412     
  -2.9534196688952634        3.0041953512395443      -0.60789560919212460     
   1.5078122563407108       -4.3084719672517195        1.0505124816026470     
   3.9677966333860812       0.35844856092045452       0.52664951404344118     
   1.4840087966803641       -3.5295450946035878        5.2171359496928256E-002
  -3.5495257139759948       -3.5140131419064500       0.41422315277609584     
  -3.7130621668457722        2.3109563387497851       -3.4645446840017594E-002
   3.1959724712630804        4.1100996697379655      -0.84054952875335232     
 -0.20819883038328324        4.3469827128477165       -1.2208652526856132     
   4.1802135443382955        1.5642225349567302      -0.74118860143639909     
   3.0485639336361414       -1.2609903929522555      -0.29308141154435857     
   3.1311599667841721       -4.0903890873767548       -1.0542169029648609     
 -0.90744955622115875       -4.6474896984024312      -0.17429802930253285     
  -3.2228530577312973       -2.4378250291220285       -1.0393926170021004     
   3.7986115157753235       -2.2508509657826452       -1.0193693228321377     
  -3.9799277165272349       0.68586262627529304       -1.1262205875558382     
  -2.6586591514903302        3.9490316883994181       -1.6734907154361970E-003
   1.6823571779598974        4.1767902593656103      -0.95427002149874607     
   4.6035660831065144       0.69337598643352272      -0.52259986075300791     
   2.0090052471139135       -3.2980689076088017      -0.73455344545190615     
  -3.9865309097137351       -2.8342478415620151      -0.19216034625879053     
  -4.2597455168585689        1.8608499152827132      -0.93905364014237402     
  0.41570943624093210       -4.6052218616266298      -0.41564298186952148     
   3.6262509286880751       -1.2393978168077995       -1.1362208118237489     
  0.66906485725920473       -3.5510864212403628      -0.50052305232923289     
  -4.4630079917526624       -2.0426082206069580      -0.67280956030527073     
  -3.4769368033727015        4.0907689372275353      -0.51159507855442032     
   3.7273945178721073        3.4971348692572359       -1.8971367857464680     
  -1.1290480350866487        4.5479896118235548       -1.8140200915452025     
   4.1779563946647009        2.7880347849059568       -2.8082285485483069     
   4.0953490176671741       -3.6414096611845226       -2.4044776022801169     
   3.8760516249348038       -3.2988312032608791       -1.4517512777624915     
  -2.1999115461003877        3.7219693738526156       -1.8111100030024658     
  -3.3070566488997000       -2.7012812298441213       -2.0450802333254057     
  -4.0764536182940905       -1.0518769808582387       -2.3633179445790615     
   4.6594054276684496        1.2766896571168611       -1.4687185133034855     
  -2.1447710502207977       -4.6477542483479510       -1.7442015188831845     
   2.0575088096522109        3.1016119786362295       -2.2082419474683657     
   4.6434605890579217       0.51719789611403133       -1.9862620839301366     
   2.3972537568613088       -3.5694391590950607       -1.5406112888772947     
  -3.6979323123060808       -4.1178468997948903       -2.0865245838310611     
  -3.8462323603361308        2.5857591382087910       -1.5808482390978471     
   1.1917218193917700        3.1426147736351027       -1.6483145926316396     
   4.4690562147785036       -7.1485863896660798E-002  -1.1059140677044748     
   1.4661975391189104       -2.7130836544908208       -2.7506083099334111     
  -2.5718918264652020       -2.9023814118032818       -2.9182032972547911     
  -2.9695509490635601        4.0443001349502223       -2.3928886951206780     
 -0.15974236154032009        3.8914806894675240       -2.1005788056054921     
   3.5022732313477243      -0.24689551273508645       -1.5071926858699265     
   1.3975497721969223       -3.2703864234345215       -1.6614089050170917     
   4.6152656085347461       -1.9700974244223546       -1.6175142593863927     
  -3.3058934202696646        3.5559226207695076       -1.4969195603908199     
   3.0988324119052812        3.1425170197619683      -0.62855662837648441     
   2.8714452769224703       -2.5035951392173721      -0.36239996131109603     
  -1.4613476029289856       -4.0082198194748386      -0.93724952314614596     
   4.4626873718878723      -0.36399282928331750      -0.24354317306364900     
  -1.2609931895983286        3.4193582276052359       -1.6432083854429227     
   4.3668924844544534        3.3034428334942394        9.8011681614474239E-002
   2.7666858583652592      -0.93922177026773357       0.58040264381912499     
  -1.0385614317302083       -3.1083481580589747      -0.56596671699011203     
  -4.6752214400082766      -0.29794273334447552       0.90287287897955160     
  -3.3828004630964821        2.4872405269263984        1.0845852291554892     
  -4.4328973711686901        2.7081963617602245       0.75571848105542172     
   3.8396890603022138       -3.2859426451871667      -0.24033861423471845     
  -1.8761243341446010        4.6276316705831944      -0.14719738328077009     
  -4.2837370388069074       0.30158278031292912       0.32139245324506116     
 -0.36984259859823643        4.2228279870045284       0.42768847233928736     
   3.0348287838950001        3.7637284792091035        1.0309273401232817     
   3.7332745097464497       -1.7827514200550643        2.0539243074329665     
 -0.55902702155618145       -4.0674129817875784       0.70501380741488262     
  -3.0124555352965010      -0.64899071834028810        1.3118342883824390     
  -2.8362724618479835        3.5169627484138299        2.4612334209027686     
   2.9116343888564726        3.0684591778340433       0.34272986497196101     
   4.1189552637208031       -1.9681896418845382        1.1765882935610752     
  -1.7036437280600345       -2.9444563050397261       0.73759224139011681     
  -3.3112000119501386      -0.12650313595620108        2.2032583951188038     
  -1.8960072968811732        3.6871400510413634       0.92616088360747484     
   3.1497247521262204        2.8006586498475343        1.3582393869061360     
   3.3824099939105023       -3.6498255935583317       0.63702943957989655     
  -3.4465214824771322        4.1629617916492778        1.7228416285535526     
  -3.6645771611257354        2.2965424284928879        2.8451481127849738     
  -1.0611269813425637        3.3845245986306050        1.4098113382775339     
  -4.1762377392943311        2.6730527315488812       -3.0963565251259344     
   2.6031528660260248        4.6129152897302381       -2.3270478631988158     
  -2.5330452962138610       -4.3504871268503296       -2.6444793149223589     
   4.5379548339392821       0.75160071278553653       -3.5425249215421308     
 -0.70913433490091282        4.2335142730848947       -3.7129653260931610     
   3.8246787684245209        4.2293198272594090E-003  -3.3070447780382191     
   2.5262048517048612       -3.8463987602741856       -2.5998775930487370     
  -4.6238234181774835       -3.9704941485899350       -2.9553057025958616     
  -3.4939774758975717        2.2918089218240416       -2.4447324298876763     
  0.23406331084388490        2.0758777706369607       -2.6261098740974123     
   3.3869476289079308       -2.0781828164394525       -1.9556146906627787     
   1.5095073156453833       -3.7333458396260411       -2.7247858499496043     
  -3.3210725175970435       -2.1620649194780999       -4.0921929355478648     
  -2.8680077718378696        3.0283462758971407       -2.1531989670001681     
   1.5516426760789801        2.3628029514156550       -3.5910160181326183     
   3.3122760895357621       -2.8761156460036239       -2.3290020794901753     
  -1.2290747651898652       -3.3560628096827418       -4.0164814016041674     
  -4.1090660416818476       -2.2474483988729235       -2.5269405223332546     
  -2.5407754644238856        4.5942232924198887       -3.4588245732124490     
   1.8277611111599656        3.4946108572060015       -3.1496621066101529     
  0.53219713565414417       0.19635120393597355        4.1346153125115368     
  -9.5838180073658970E-003 -0.93866035417574534        4.1863150702174270     
  -1.3839511727277274       -1.6969561175220889        4.4487192074680006     
  -1.9976811823948954      -0.87471616937622521        4.3741451663420321     
  -1.0694772222814686       0.90102856362250427        4.5153792812729403     
   2.1313552954041839       0.44764434058190294        4.5263331837943710     
   1.7733125499233620       -2.8857352182850540        3.9782043944177787     
 -0.48618037162131977       -2.8819581390404574       -3.4802132128875574     
  -1.9092455276751810       -1.0618836060330317       -3.8098074559309456     
 -0.18780273620415885        2.0117480640819974       -4.0094266775225025     
   1.5436231640926106      -0.17189180744824781       -4.4071379950836462     
  0.85081649385763813       -2.0327290022558122        4.1343333993512328     
 -0.94009038798608424      -0.93572374984926066       -3.3792445245475533     
  -2.4451035052941403        1.6097165231608168       -3.6936215483218691     
 -0.11773296782456022       0.89456459157973822       -4.5646614442961004     
   2.4419540106129949        2.1390923376242417       -3.9736557666867123     
   3.4541040112360997       -2.2263694364276376       -3.0729352026258532     
  -2.1887386450227346       -3.7992081290115038       -3.4885012524710364     
  -2.8002850093143241      -0.37559036494264370       -3.3431143233539347     
  -1.0168598317875002        3.4073835528500669       -4.2277793484364681     
   3.0281208819250089       0.71886163975740780       -3.1800043498120298     
   2.4695688549520036       -3.5148463066312554       -4.5018568302443986     
  -1.6958180918268750       -2.8077075641583935       -3.3794015522115166     
  -2.4473435578637628        1.4858889830303925       -2.4967456787382480     
  0.58398469021945032        2.4518352215269261       -3.6097756426524938     
   2.0539726863180614      -0.87184589953334457       -3.8107559461267351     
  0.10028221550681699       -3.8367720716508540       -3.0679246712832198     
  -3.0656075911453415       -1.1485352546809273       -3.9356955697689777     
  -2.6160384898457747        2.4048620122199376       -2.9957860856876888     
   1.9946752221465587        3.9520311282260101       -3.9190778484066571     
   2.8020761440412243        3.4567619692454570       -3.5917639365470762     
   3.0077155226320644       -2.4751057441121693       -3.8852901522318892     
 -0.90197955023082665       -4.5270156370708019       -2.7546284404158801     
  -3.7580977141950749      -0.67270132955341144       -3.3481243044856881     
 -0.87464278046935084        3.6747446136832291       -2.8471435563261540     
   3.3222290397032244        2.6826479964568679       -3.6272354822189756     
   2.9353272913690369       -3.8656856077490365       -3.7550195652286384     
  -3.5784230821997012       -3.9335458877433305       -3.1811825845784520     
  -3.2520436350434645       0.76755056470316618       -2.5758937180687300     
   4.6227436574895378E-002   3.0560290056079960       -2.8273034560712071     
   3.8042952587280450      -0.95573957469750137       -2.8680862368724518     
   2.0458623875090174       -2.7077676808410902       -4.0904638414304095     
  -2.7575386990248898       -2.9106067471636941       -3.7774211037610854     
  -2.2685678601018533        2.7166591767542063       -3.9823534905638334     
   2.3086019821668424        1.4008508915436904       -3.1639416983162860     
   2.8260600243405065      -0.32491994745086555       -2.9805470340992546     
  -1.5401245568293149       -3.4713806155236413        4.0761734620715444     
  -3.7296428605469991       -1.6257964538160916       -3.3306722778575075     
  -1.4663925014062140        3.0752225221000451       -3.3416731032743572     
   2.4883423825977564        2.5546919135446080       -3.0248831040591342     
 -0.43454629780766640      -0.10503765457898576        4.4850509361304134     
   2.6458715060048852        3.3320889330036616        2.0339069834318839     
   4.2688491782816094       -1.0825724714025167        2.8284441634060591     
   2.8410865766245532        4.0971930152058738        3.0149533056625617     
  -4.3353617013287273       -2.8531916608363872        3.0696001352743170     
  -3.5127527867434307        3.1371589332993657        1.8785118953363829     
   3.6300966784066819        4.0110015818617812       -2.6179603808574781     
   4.4297499479508078       -2.8918260227885564       -4.1750324900591407     
   4.5261087470470285      -0.26404734692788562       -2.7720813701791491     
  -1.7317941112110118        4.3764851712050596       -2.6048881566721866     
 -0.54695846259508452       0.56830054701097876        2.7129350585767718     
  0.59746693027073328       0.37372655128099624       -3.7753633664746857     
   1.3653706871977467      -0.19760379342614331       -3.3204095496552992     
  0.44156075650548576       -1.4622694261276932       -4.4949211266008673     
 -0.83930987147830105       -7.7331206492170373E-003  -3.1142558593252554     
  -1.7223041992046753       0.75216228445346700       -4.1598854614921947     
  0.69097411072931780        1.4612843667869262       -3.8927347506239816     
   2.3553261927577762       0.25196753429821633       -3.8458360233867168     
  0.25492039233545760       -3.0189096512250471       -4.4518563523062085     
  -2.3745515499331344       -2.0275121793335140       -3.5561265494266814     
  -1.8781639312796981        1.6957147275507076       -4.3966157357438691     
   1.4789539713686419        1.8359629658160448        3.9235596790542679     
   1.4815065495677819       -1.9090765515307324       -4.3077527736162340     
 -0.68252877038704363       -2.6963261343353992       -4.5176740212632218     
  -2.8908558407479958       -1.2858035766984410       -2.8864326557547453     
  -1.2390178546763029        2.4518414392806931       -4.2196991568051017     
   2.2755402525802899        3.7242739043245940        4.4420128017781231     
   2.9688462418519506      -0.58561048452972564       -4.1720628251708289     
   1.0781112858392210       -4.2296598525787523        3.8380466223049803     
  -2.7752343225414440       -2.7822065806676943        4.5276787770989424     
  -3.9784131244798706        2.0475210639206884        4.5719749923986610     
   1.7804343477155313        3.0153684743598150       -4.3289764532775159     
   3.1627060460002130       -1.4456773760759791       -3.6916516523245950     
 -0.12376115290759196       -2.9314963549572233        3.9279506759734377     
  -3.5590457039876155       -1.7022926329962187        4.3397668128334841     
 -0.40973572220588139        2.8789257036327998        4.4446555431231722     
   2.6705291427182241        1.1779790704035982       -4.0891402994752841     
   2.1658328062561440       -2.0981188606133521        2.9962074147218396     
  -1.8103960146671114       -2.5587766689004017       -4.6086585831671032     
  -3.4770497286113189      -0.10188047166175480       -4.2148957254260857     
  0.67030301914730517        2.1850444611237330       -4.6356880162327760     
   3.1848787297589256        4.0105245404160863       -4.5151911639439533     
   3.5676588237952398      -0.42562765143527131        4.2848774857568488     
  0.58632496638051645       -3.9382533988677428       -4.4074053777808162     
  -4.0734819564511886       -2.5739616937958716       -4.6389405645531623     
  -4.4146305476827603        3.0827023961336528        4.6577489165674812     
   2.8088446543638850        2.8218067847844752       -4.5274338665915881     
   3.4846473997198744       -2.0214284721041369        4.6159636480844650     
  -1.8731041945198815E-002  -3.8113424427721414        2.3497596562500314     
  -3.5055696355408501       -1.6628350795503291        3.1400411555705436     
  -3.6630928822438817        3.2127685021705306       -4.1870372819100998     
   2.3976062265903617        1.9653338734957817        4.3753024029163710     
   3.2551724865446685       -2.3142057308954103        2.7893843145746824     
  -1.7836070552709162       -4.3966025861377140        3.0175522201842009     
  -3.0109839183961316      -0.47667907598334208        4.2613705035042635     
  -2.3557878055550319        2.3642299615803148        3.9142820113500210     
   3.5969862295619621        1.9575778387169531       -4.3039563811883319     
   2.6435156389010386       -2.5638762302703140        4.5100916965732107     
  -2.2856962696392178        4.5260147409140146       -4.3719912254089248     
  -3.0143735203691975        1.4030483806257641        4.2374869619306468     
   1.2155467740061714        3.7801363734538334        4.5970110270760385     
   1.8422068917440182        3.6402933360593983        3.5896089716811441     
   4.2718803050169729       0.27082559714364629        4.6104454022639914     
  0.54004020188842217        4.4474624880777087        4.4924349693096861     
  -4.2323730919138285       -3.9573844648187277        3.7385539066454681     
  -4.3516668778728871        4.0714106405879757        4.5366398272610553     
   3.1557987276558928        4.4558363817460016        3.8714195885664560     
   4.5496635984872746       -1.7263507294762526        4.6273029662185063     
 -0.44720888219476645        4.6539057025580970        4.5782887845198541     
  -4.4469657623848571       -2.2143304592884667       -3.7576446558709402     
  -3.6082898801238583        4.2102882953803178        3.6211371892121522     
   3.4440998044055418        2.5652668894459087        4.1454000308900394     
   4.2568311839323201       -2.7177593153315098        4.0957483344529955     
  -1.2568517573285072       -4.5064396033137868        3.8532621746972029     
  -4.2958669732819041       -2.1133681775634283        3.8082244928711302     
  -1.7342561182445677        3.9308103219107653        4.2256405097939469     
   4.3072988957398994        2.1272840838246871        4.3041817872536079     
   4.1282739230614993       -3.6611748691441948        4.1691515462250175     
  -1.6074545173018724       -4.2324013230580837       -4.5733510283388084     
  -4.1867457323395882      -0.34225626359045036        4.4465357353243204     
  -1.6503502615457686        3.1722103153638499        3.5721118651934414     
   4.0380885648195823        1.0404213003204785        3.2501148310655830     
   1.7473728690478008        4.5154432796998014        4.4368376767133855     
  -3.1342944945894540       -4.2973804631050729       -4.1187910137530004     
   4.1386859762549824        1.1154098794267142        4.1680502868442462     
   6.8092198273625559E-002  -4.3085439772887240        3.8160771825334012     
   3.8854041439451437        3.9246517250563437        3.0470342278861091     
  -4.4384900744143012       -1.8399623259628441        2.8619830688821941     
  0.98095711882681091        4.2028024170554010        3.6044590382852739     
  -4.5609182903757430       -2.6002920544837522        1.3012429439857511     
  -3.4952658519893092        3.1191384494702414        3.3167592708343947     
   4.1554208565611175        2.8276748932603231        2.7270006386985530     
   4.1619590931204034       -3.9133611357582425       -3.8324529883315401     
 -0.49864816878790869        3.3250294998424530        3.1522992675669514     
  -4.2429397934124875       -1.0487192419948581        3.7297041315992585     
  -2.3965242399271012        4.1783643764481866        3.4095334319591220     
   3.1738887639731854        2.4157724369019871        2.3714573735732443     
   4.0714719520166911       -3.3359750720439854        3.1884514150479317     
  -2.2058726532315580       -4.4594829945066881        3.9820127627358608     
   4.3677726622064021      -0.77423259413642920        4.5295845972874726     
  -1.3732044329261108        3.9922719412127270        3.1581429634033680     
   4.1662512504704940        3.2218898622136383        3.8563040224708378     
   3.0655108954012618       -3.8542692232891671        3.8395775152270524     
  -2.9141490083841535        4.2942282641341762        4.2683417725888289     
  -3.3222637381349478       -7.5967831787386156E-002   3.3699460696760584     
 -0.79341546900593196       -4.6601941304839691        2.6619989544106728     
  -4.3354332263902391        1.4919995405967299        3.6877763835586497     
   2.5911823099139397       -4.5628086706781721       -4.4882642494370009     
  -3.1678546456383141       -4.2254198751434782        3.7972653018359921     
  -4.2679232007405608        3.0368202249651057        2.6308977939980709     
 -0.69046049350672567       -3.9308374347323092        3.3016809838502392     
   3.2012146446372305       -4.3428146032630934        2.8238585857444849     
   1.9588102821746618       -4.6297633893885388        3.3736614335789610     
   3.9610009215880191       0.14484290330014538        2.7108559973821911     
  -3.2032901112574539       -1.3924360320939866        2.1587186637985538     
   2.9600019545999774        4.2642125024919597        1.9988840075291663     
   1.5918310659943413        3.8308771413427163       0.62547159149659526     
  -4.5259748984615591       -3.8299714196468617        2.6142877439376666     
   4.0852726026706492       -2.9873957397807192       0.98446053021720792     
  -4.4495119202042748        3.6811531358274698        3.4191707519122279     
  -4.2022325582781290       -4.6308574069117912        2.0309860022433317     
   2.3474840436755069       -4.1882581413224553        1.8453721169071491     
  0.47243571235230158       -4.1808798562375964        1.5811668694624783     
  -2.8967532760226176        2.3246640952131425        2.2005699203936371     
  -3.5042767663376377       -1.4422129406394022       0.77420731390328912     
   3.3697484502859560       -4.6848140792886621       0.89475027799695772     
 -0.22037026932156262        3.9098835120267101        1.3381816272005282     
  -4.0967978074213827       -4.3039557957600101       0.15187395367206674     
   4.6639281176441978       -1.6896502416774413        1.9416943257221355     
   3.9015223061283169        2.4433150512418682       0.61977795508167688     
  -4.3683654045894302        4.6633299603999934        1.0202355736910844     
   2.3208538589932988        4.2798558998209799       0.22990109005247317     
  -4.2106521564974857       0.32322760235863834        1.9054586836459864     
   1.5713141057972972        2.6223641852167829       -8.8987674125087235E-003
  -4.5876836239585019       -3.4125732813036920       0.51788181147174117     
  -4.2974678444857455        3.6703084172912419        1.2244213335751128     
   4.2902090400481834        4.3049697991502134       0.54453693296392414     
 -0.32352918368441069       -3.7943161914895285      -0.17626015178531521     
  -3.9918207193503492        1.2553734295349259      -0.12037826879880306     
   4.4588003341371083       -2.3909267627230242       0.14632014727417200     
   3.3731508368663947       -4.4661814184365163      -0.11814648881051314     
  0.76148465051645575        3.0751754275847336       0.36559592968747101     
  -3.2174081174941813       -3.5353322200340269       -1.4143081914097604     
   3.5588559479174253       -1.7344091001072164       0.40612419181270148     
   3.9693467075980111        3.4005925831810120        1.0984770271223181     
  -3.6801422242354649        3.3756980585850194       0.23238431047334798     
   1.4718340750027723       -4.1046569627585114      -0.95281697295686762     
  -3.9690401777652635      -0.11998892145478665      -0.47267948785852665     
   2.2221759038853945       -4.2924645222614632      -0.32387618475186253     
   4.1609190408853536       -4.2516087794136626      -0.96043295877693569     
  -4.4199056605618150        2.7442446814012329      -0.56777440501619247     
   1.2655117102661095       -4.6797558016994358       0.19526911696745422     
  -4.2318052027323487       -1.1825316534130834      -0.21218798260352595     
   1.0370294294160460        3.7731420961919739      -0.39962826045815525     
  -3.9435290064469988       -3.7174185278578928      -0.67002382777570502     
  -4.3347301397007696        4.0613450236691442        4.5611916274237288E-002
   3.5521035418682425        4.5739605768775800       -1.7571121709810293     
 -0.36237512701241786       -3.9819874176704957       -1.1164258305711492     
   3.8827571497674209        2.4794692938932035       -1.4029177995852051     
  -3.8741941634652250       -2.9537210414301596       -3.3241837671931833     
   3.3850017740627067       -4.3201608850911493       -2.7671195742382615     
   3.6382803446618244       0.71729895349256556      -0.53927827967956099     
  -2.4978200869262537       -4.1132560410801533      -0.73328799197350125     
   1.8101047372270229        4.0593921049776283       -2.0369393654782391     
  -3.7271517726261334        1.5429722167984208       -1.7815606527140324     
   2.4382095620630166        4.5792576077676008       -1.4222669630996307     
  -4.2393673072957077       -4.6803389904129924      -0.90791745534742019     
   3.3753758465260639        1.8423490522200952       -1.0323203910900651     
   1.6637718731757640       -4.1795384194640004       -1.9471905060889245     
  -4.1837994135058532        1.3029862923731097       -2.8938116803491774     
  0.89762412455687790        4.4694235117395227       -1.6682552807790878     
   4.4671519778345665       -4.6040243503550657       -2.0774862833354328     
   4.0950694174028532        3.2952573445660818      -0.94726249565046727     
  0.60574243624962976       -4.0016504685157939       -1.3611154003568871     
   4.2508103022131358       -1.7615330835811998       -2.5367817434090703     
  0.99753275176862477        2.8452210728532719       -2.8064643360122012     
  -4.0552466931267510       -2.7488658089122859       -1.5461874937748781     
  -3.3068350381413447       -4.4597867246240996       -1.3114947739219946     
  -3.8587532665521547        4.2782917140491463       -1.8579754531424557     
  -1.0678361637240104       -3.7619383006647822       -1.9247986298499065     
   4.6604011845167541        3.0022581567940718       -1.8500838048584163     
  -3.5633713926855921       -3.4212463860062829       -4.1947622652011081     
   3.2638478185223989       -3.8012732076119620       -1.9158375838620680     
  -2.9465429249958164       -3.5510688329417457       -2.4034898668375426     
   2.8159931857941665        3.6463308481635006       -2.2911739494841128     
  -4.5098825088961494        2.0318118403314789       -2.1808727016533416     
   4.6817747765404976        3.8599433303328476       -2.5962926991429929     
   4.2882533457644829        1.7657142617462724       -3.3244059124924994     
   1.7208389947669653        2.1196012227977237       -2.5179326684344905     
   3.7982656387915190        1.9380031170314422       -2.1977916889518623     
   1.6017223372121145        4.4819633591732808       -2.8551020336131847     
  -4.1577606795665725        3.4996682545462301       -1.0084164077963638     
  0.75681888067002634       -4.3485215168776730       -2.4648354347545443     
   4.3269360628401143      -0.82846502389667309       -1.9951071415031825     
  0.85819191568651021        3.9133841468429504       -2.4584871703218321     
  -3.7336549789927900        3.4368732338495569       -2.5534087695654653     
 -0.22952617111769030       -4.2184335491569449       -2.1495414082418862     
   4.5971711179206300       -2.8730246125157524       -3.0175491151524625     
  -3.8305125465811845        4.3933076435153922       -2.8811965571584928     
   4.6720039575285623        3.9728728216127207       -1.5627965251748399     
  -4.5482991273109388       -3.7124322544341481       -1.5539062757762707     
   3.6488759973772629       0.71038145178918632       -1.4835447123717320     
  -2.2613997615460630       -3.5986573317207164       -1.5980543642290048     
   4.2129709942453708        4.2258032226728961      -0.59938112691914569     
   4.6640510509978110       -3.1253761336903292      -0.83262072689414490     
  -2.5550160987920623        4.2637985612040143      -0.99617309445162971     
   3.5172844838015846      -0.47352337579747850      -0.51067821806842451     
  -3.1969389763847018       -4.4302016486073370       -7.8768810112706936E-002
   4.6642167800087533        1.9475764467872665       0.14390247794606964     
   2.8961089308613017       -3.5123780237415927      -0.22778341896577392     
  -1.3036913902820344        3.8391491719775539       0.22396855575456784     
   3.7313152798629217        1.0837529840014453        1.2464685573479457     
  -2.1279200298401739       -3.1696360542086945      -0.78444760005247194     
   4.2063324989035706       -4.1417648082093690        1.1297333852897040     
  -3.9282780348535615       -2.3362180694809225       0.67092455329956102     
  -1.4035171978198977        4.2620447296573580        1.9699587482335645     
   3.7639156163841814      -0.81032158119224096        1.3709057501618016     
  -2.4590880909824735        4.5922320852039737       0.71860343057526921     
   4.1820453798044950        4.2450106199048969        1.4809730503873442     
   3.3994383039364426       -4.2023359364943280        1.8178173591912472     
  -2.8074379750570424       -4.2824237903145894        1.9262935824087157     
   4.0139187360040269       0.17776916137440193        1.5487929329734957     
  -1.9240454043158697       -4.3497565432391294        1.5218593043130848     
  -3.6815341093962184        1.3441710275864098        2.2775246023639859     
   4.3028938942595403       -4.0881954940466683        4.7596483263089365E-002
  -3.5061664185557544        4.3956783527993792       0.58493345838714295     
   3.9014947381680787        2.0263373136808540        1.6247263849427218     
  -1.2750971418814578        4.5225362408881065       0.98960918731498992     
  -4.4374353010118579        4.5919408506955950        3.0646629936883061     
  -3.7739693228699740       -2.0211804891357206        1.6271617056504017     
  0.10802549984997198        4.4841523548569437        2.1638100194716987     
   4.2741588662282703       -2.5141257742858185        2.4383597202294434     
  -3.7632476798048899        3.9132184043684233        2.6352922403952661     
   3.7690273784406529        3.4899824696305823        2.1077546230135278     
   4.0245695908167303       -3.4353599326883950        2.0032692960581637     
  -1.7502852041650532        3.4726433254216826        2.4139608287081016     
   4.5877519912006219      -0.56385185263557736        2.0177887263661085     
  -2.4108930987556536        4.1466662895184374        1.6254446148628847     
   4.6219963869353551        3.8247424661180003        2.3407163690662833     
   4.0900913749396928       -4.2140840911623529        3.3538183277097318     
  -2.6323676490220755       -3.9246102544809585        2.7619336273425916     
   4.1543354154609977        1.1207716900274949        2.2173446277459288     
  -2.4490568696420869        4.4357575282849329        2.5298357859902243     
  -4.5503075655111802       0.84564840689926501        2.7436835900765968     
   4.1918284519308919       -4.4783406470752984        2.3238837299601527     
  -3.5283480172563570       -4.4938384039103223        2.8966247620172858     
  -4.6557591037378341        2.9386647130760988        1.6771151719566766     
  -1.1353634043704686       -3.5206052577670799        1.3322732590367046     
  -4.3583869859547590        3.7160429158190804       -3.5380190993945249     
   3.6955308785102532       -3.1291272290550913       -3.3145412387270392     
  -1.4496020967666190       -4.5443369969654537       -3.6534940908535241     
   3.6885233353951166        1.0505529241580527       -4.0838247865270212     
   3.1325207664858752        4.4630365394857456       -3.6333605425576319     
  -4.1153220702748179        1.8943890926951872       -3.7732261108699539     
 -0.44892083044674103       -4.0346503642346301       -4.0055773832820307     
  -4.0704333957430316       -1.2102453000659876       -4.3523472480813652     
  0.18710669766159269        4.4783043305275232       -2.9170843539067115     
  -3.3551104402676692        2.4460088050050057       -3.5764046581488036     
   1.2145727733112268        4.4232767105800086       -3.9636251130852771     
  -4.5979134698409387       -1.2690797776345062       -3.2872725159222926     
  -2.9574142387095668        3.6105461084286841       -3.5126059755756716     
   4.1964730003929978        4.1412134242564651       -4.2325191442716656     
  -4.3834410014336171       -3.6578915285320570        4.6805472858179922     
  -3.8698826852154027       -4.4933373803004235        4.4169078233347907     
  -4.2889045329579263       -4.5901437310970143       -3.7309958863102439     
   3.1023858761383130        1.3217723505871191        4.3564926042546475     
   1.8555870891042292       -1.8657671757231140        3.9496542983659602     
 -0.68137181252768531        2.4635917265476968        3.5697062406439799     
   1.3586369393309048       -1.0922792713443268        4.4932863807691721     
 -0.32406034309460119       -1.9841353698059474        4.3025195230497060     
  -1.0651145864414124        1.4342052139404917        3.5696782770661661     
  0.66911376787054588       0.12558607117099541        3.1895624642001339     
   3.8711703003242923        3.1610605749906360       -4.6120986464889366     
   2.7788970486808711       -1.9258841843115504        3.7107181590178446     
  -1.2272035428457744        4.2987575184673048       -4.4704060739704898     
   3.1464271019988690       0.39188915808741104       -4.6295396929040251     
   1.5299412365470617       -3.8938869938961176       -4.4619076897351135     
  -2.4131966245408343      -0.29456998552851654       -4.2547223139124162     
 -0.45448001968171575        2.9624967228588810       -3.6254814145839780     
   2.5791827123183477       -1.4221852960605983       -4.6184300269473164     
  0.74427684777871739       -3.4031796934778380        4.1864937278685712     
  -1.4272811679827966        2.1161868413008120        4.2467764946553324     
   1.6086139722799173        1.7625102433148352       -4.4800378887081527     
  -3.5502837658198807        3.3768571168100254        4.1930991212506772     
   4.0591837285182768       -2.1027411330332755        3.3336912455766101     
  -3.6747796609246692        4.2196938746242214       -4.1211533221924803     
   4.3950649072398580        2.7366357164246358       -3.8896174296787027     
   2.1752957659436074       -3.9443950241638031        4.1151408214415532     
  -4.1865930608977848       0.89984415733946210       -4.4792047806950093     
  -3.2106953199896079E-002   3.7779124322330029       -4.5740117398035114     
   4.6293729546801892        1.5864436132106430       -4.3855916060948958     
   1.0027886829841193       -4.1355186432678082       -3.4454511740585048     
  -2.9129818227356368       0.75080036694829733       -3.7689923922806710     
  0.68485659100045104        3.0277574523250590       -4.3448871550644075     
   4.0864896453944750       -1.8020692411798467       -3.8428952459291388     
  -2.5456390832662956       -3.7977263032794566       -4.6671481379476951     
  -1.7532892516234979        3.0875326599784745        4.6492905884515903     
   4.0891442225304653        4.3007979036285446        4.0495245295435707     
   4.4668819984045118       -4.4124069999895834       -4.6797194001190778     
   4.1880806964238415        4.6041750610473500       -3.2872543826908163     
  -1.9070467970712037        3.7240837563232065       -3.7998984172769492     
   3.8421668991265823        3.4993692686292017       -3.4949756028312948     
   3.5217953249256464       -3.1636694746879988       -4.5977102295483849     
  -3.7109036724380640       0.35466070619283008       -3.3263191107199095     
  0.29943307361540905        4.6175900851664720       -3.8562974315942382     
  -4.5084867086392668      -0.23526891110032611       -3.9296713892135196     
   1.7919899187784509       -3.5522540009700023       -3.6609286642491354     
  -3.2615458199295269        1.5115316603778379       -4.2025140649875876     
  0.25717590381168054        3.6708802246910834       -3.5016852071495408     
   3.9658838757012695      -0.86198004440367038       -3.8592912895363334     
 -0.48670780980313477       -3.6888354009025823        4.4383657436849386     
  -3.0133214194131108        2.6007046703313010        4.6194294656279258     
   2.2549371923328465       -4.5584361354200125       -3.5105619545904849     
   3.4453210698665271       -2.8815497072127076        3.7790889998123069     
  -2.6181236512454253        3.6158024778871343       -4.4849569579745037     
   3.4910216410951023       -4.2408743034688570       -4.4985667063028556     
